X	year	month	measure	X1	X10	X11	X12	X13	X14	X15	X16	X17	X18	X19	X2	X20	X21	X22	X23	X24	X25	X26	X27	X28	X29	X3	X30	X31	X4	X5	X6	X7	X8	X9
1	2014	12	Max.TemperatureF	64	48	39	39	42	45	42	44	49	44	37	42	36	36	44	47	46	59	50	52	52	41	51	30	30	43	42	45	38	29	49
2	2014	12	Mean.TemperatureF	52	43	36	35	37	39	37	40	45	40	33	38	32	33	39	45	44	52	44	45	46	36	44	26	25	37	34	42	30	24	39
3	2014	12	Min.TemperatureF	39	38	32	31	32	33	32	35	41	36	29	33	27	30	33	42	41	44	37	38	40	30	37	22	20	30	26	38	21	18	29
4	2014	12	Max.Dew.PointF	46	45	37	28	28	29	33	42	46	34	25	40	30	30	39	45	46	58	31	34	42	26	49	10	8	24	37	45	36	28	49
5	2014	12	MeanDew.PointF	40	39	31	27	26	27	29	36	41	30	22	27	24	27	34	42	44	43	29	31	35	20	42	4	5	21	25	40	20	16	41
6	2014	12	Min.DewpointF	26	37	27	25	24	25	27	30	32	26	20	17	20	25	25	37	41	29	28	29	27	10	24	-6	1	13	12	36	-3	3	28
7	2014	12	Max.Humidity	74	100	92	85	75	82	89	96	100	89	69	92	89	85	89	100	100	100	70	70	76	64	100	50	57	69	85	100	92	92	100
8	2014	12	Mean.Humidity	63	95	87	75	65	68	75	85	85	73	63	72	79	77	79	91	98	75	60	60	65	51	79	38	44	54	66	93	61	70	93
9	2014	12	Min.Humidity	52	89	82	64	55	53	60	73	70	57	56	51	69	69	69	82	96	49	49	50	53	37	57	26	31	39	47	85	29	47	86
10	2014	12	Max.Sea.Level.PressureIn	30.45	29.58	29.81	29.88	29.86	29.91	30.15	30.17	29.91	29.87	30.15	30.71	30.31	30.37	30.4	30.31	30.13	29.96	30.16	30.22	29.99	30.22	30.4	30.36	30.32	30.56	30.68	30.42	30.69	30.77	30.51
11	2014	12	Mean.Sea.Level.PressureIn	30.13	29.5	29.61	29.85	29.82	29.83	30.05	30.09	29.75	29.78	29.98	30.59	30.26	30.32	30.35	30.23	29.9	29.63	30.11	30.14	29.87	30.12	30.07	30.32	30.25	30.33	30.59	30.24	30.46	30.67	30.04
12	2014	12	Min.Sea.Level.PressureIn	30.01	29.43	29.44	29.81	29.78	29.78	29.91	29.92	29.69	29.71	29.86	30.4	30.17	30.28	30.3	30.16	29.55	29.47	29.99	30.03	29.77	30	29.87	30.23	30.13	30.09	30.45	30.16	30.24	30.51	29.49
13	2014	12	Max.VisibilityMiles	10	10	10	10	10	10	10	10	10	10	10	10	10	10	10	10	2	10	10	10	10	10	10	10	10	10	10	10	10	10	10
14	2014	12	Mean.VisibilityMiles	10	3	7	10	10	10	10	9	6	10	10	8	10	9	10	5	1	8	10	10	10	10	5	10	10	10	10	4	10	8	2
15	2014	12	Min.VisibilityMiles	10	1	1	7	10	10	10	5	1	10	10	2	7	6	4	1	0	1	10	10	10	10	1	10	10	10	5	0	5	2	1
16	2014	12	Max.Wind.SpeedMPH	22	23	21	16	17	15	15	8	20	23	17	24	21	16	18	20	13	28	18	17	22	15	29	16	17	25	22	22	25	21	38
17	2014	12	Mean.Wind.SpeedMPH	13	13	13	11	12	10	6	4	11	14	11	15	10	9	8	13	6	14	11	9	14	9	12	10	9	12	10	8	15	13	20
18	2014	12	Max.Gust.SpeedMPH	29	29	28	21	23	20	21	10	26	30	23	29	26	20	22	25	15	40	25	21	31	22	38	21	22	33	26	25	32	28	52
19	2014	12	PrecipitationIn	0.01	0.28	0.02	T	T	0	0	T	0.43	0.01	0	0.1	T	T	0.05	0.25	0.56	0.14	0	0	0.01	0	0.44	0	0	0	0.11	1.09	0.13	0.03	2.9
20	2014	12	CloudCover	6	8	8	7	5	4	2	8	8	7	4	7	6	8	7	8	8	6	1	3	8	4	8	2	1	3	5	8	6	8	8
21	2014	12	Events	Rain	Rain	Rain-Snow	Snow	NA	NA	NA	Rain	Rain	Rain	NA	Rain-Snow	Snow	Snow	Rain	Rain	Fog-Rain	Rain	NA	NA	Rain	NA	Rain	NA	NA	NA	Rain	Rain	Rain	Snow	Rain
22	2014	12	WindDirDegrees	268	357	230	286	298	306	324	79	311	281	305	62	350	2	24	63	12	250	255	251	252	288	254	313	269	292	61	313	350	354	38
23	2015	1	Max.TemperatureF	33	24	33	38	35	25	31	38	22	51	46	41	39	34	37	37	34	38	29	19	24	32	37	34	21	52	50	18	26	19	30
24	2015	1	Mean.TemperatureF	28	21	24	36	25	20	28	27	16	36	39	36	33	28	33	31	33	29	20	17	19	21	30	27	16	44	34	17	15	9	25
25	2015	1	Min.TemperatureF	22	17	15	33	15	14	25	15	9	20	32	31	27	22	29	24	31	19	11	14	13	10	22	19	11	35	17	15	4	-1	19
26	2015	1	Max.Dew.PointF	16	8	22	36	25	21	27	21	11	45	43	17	20	25	26	20	32	28	25	14	9	22	36	31	7	50	39	11	12	7	22
27	2015	1	MeanDew.PointF	8	3	6	28	5	10	24	10	-3	35	30	15	13	14	22	15	29	17	15	11	6	10	20	26	0	41	13	5	3	-8	14
28	2015	1	Min.DewpointF	5	-2	-1	17	-4	-4	13	-4	-9	13	20	11	5	5	19	9	21	4	-2	7	0	-2	8	7	-8	34	-6	-5	-13	-18	8
29	2015	1	Max.Humidity	53	62	63	100	75	88	92	71	67	93	86	53	59	75	78	68	100	78	92	92	80	75	100	92	83	100	65	80	88	56	88
30	2015	1	Mean.Humidity	43	49	49	72	56	67	78	52	46	80	70	45	44	57	67	54	82	55	71	85	63	57	72	78	56	95	47	59	58	49	65
31	2015	1	Min.Humidity	32	35	34	44	36	46	63	33	25	67	53	37	29	38	56	39	63	32	49	77	45	39	43	63	28	89	29	37	28	41	42
32	2015	1	Max.Sea.Level.PressureIn	30.1	30.5	30.66	30.45	30.67	30.61	30.18	30.11	30.38	30.26	29.73	30.45	29.98	30.21	30.22	30.28	29.92	30.04	30.15	29.76	30.24	30.32	30.68	30.06	30.04	30.16	30.3	30.37	30.11	30.34	30.15
33	2015	1	Mean.Sea.Level.PressureIn	30	30.34	30.58	30.23	30.52	30.4	30	29.82	30.31	29.93	29.65	30.13	29.83	30.15	30.19	30.15	29.52	29.66	30.05	29.59	29.89	30.23	30.54	29.82	29.84	29.81	29.93	30.22	29.9	30.25	30
34	2015	1	Min.Sea.Level.PressureIn	29.92	30.15	30.48	30.11	30.19	30.18	29.81	29.68	30.14	29.55	29.55	29.95	29.75	30	30.16	29.93	29.16	29.31	29.81	29.49	29.67	30.06	30.24	29.71	29.72	29.57	29.61	30	29.76	30.13	29.89
35	2015	1	Max.VisibilityMiles	10	10	10	10	10	10	10	10	10	10	10	10	10	10	10	10	10	10	10	4	10	10	10	10	10	10	10	10	10	10	10
36	2015	1	Mean.VisibilityMiles	10	10	10	7	10	10	5	10	10	10	10	10	10	10	10	10	3	10	5	1	7	10	6	6	6	4	10	7	9	10	8
37	2015	1	Min.VisibilityMiles	10	10	10	1	10	6	0	9	10	5	10	10	10	10	8	10	0	10	0	0	1	7	1	1	0	0	10	1	2	10	1
38	2015	1	Max.Wind.SpeedMPH	23	20	17	17	21	13	15	29	22	26	23	26	23	14	14	16	18	25	33	32	20	13	22	32	36	17	37	22	31	25	25
39	2015	1	Mean.Wind.SpeedMPH	14	12	10	9	11	9	10	16	11	10	15	13	14	7	7	10	10	14	16	22	13	4	10	12	22	8	22	9	16	14	14
40	2015	1	Max.Gust.SpeedMPH	29	23	24	23	26	16	21	39	31	33	31	32	30	20	17	22	24	33	43	45	26	17	25	44	48	26	49	28	40	32	35
41	2015	1	PrecipitationIn	0	0	0	0.2	0	T	0.12	0	0	0.15	0	0	0	0	T	0	0.71	0	0.1	0.95	0.01	T	0.62	0.06	0.05	0.57	0	0.02	T	0	0.01
42	2015	1	CloudCover	3	1	6	8	3	8	8	2	1	8	3	3	3	5	6	2	8	4	8	8	6	3	7	8	5	8	2	6	3	1	4
43	2015	1	Events	NA	NA	NA	Rain	NA	Snow	Fog-Snow	NA	NA	Rain	NA	NA	NA	NA	Snow	NA	Fog-Rain-Snow	NA	Fog-Snow	Fog-Snow	Snow	NA	Rain-Snow	Snow	Snow	Fog-Rain	NA	Snow	Snow	NA	Snow
44	2015	1	WindDirDegrees	230	263	226	242	347	323	302	263	253	164	262	260	270	357	335	259	290	284	23	335	305	245	81	223	302	260	280	262	272	259	240
45	2015	2	Max.TemperatureF	30	30	25	30	22	30	20	19	23	29	30	31	20	34	39	33	19	35	22	27	31	NA	22	NA	NA	38	36	21	29	29	25
46	2015	2	Mean.TemperatureF	21	22	20	23	15	17	9	8	17	23	20	21	13	19	34	19	11	25	20	21	22	NA	14	NA	NA	26	22	13	23	21	20
47	2015	2	Min.TemperatureF	12	14	14	16	7	3	-2	-3	10	17	10	10	5	4	28	4	2	14	17	15	12	NA	6	NA	NA	14	7	5	16	13	14
48	2015	2	Max.Dew.PointF	11	21	17	25	11	29	18	-6	18	23	24	29	-4	32	33	23	15	19	16	1	4	NA	7	NA	NA	30	32	6	27	27	21
49	2015	2	MeanDew.PointF	2	15	12	17	-5	11	9	-11	6	16	14	13	-6	16	29	2	-4	11	8	-2	1	NA	1	NA	NA	17	18	-1	17	20	14
50	2015	2	Min.DewpointF	-6	10	6	7	-10	-9	-13	-16	-7	8	-5	-5	-10	-5	24	-14	-15	2	2	-5	-1	NA	-3	NA	NA	3	-7	-8	5	10	10
51	2015	2	Max.Humidity	67	88	77	92	77	100	92	56	84	81	92	100	55	92	100	72	80	92	84	52	58	NA	73	NA	NA	75	89	60	92	100	92
52	2015	2	Mean.Humidity	48	76	69	77	55	73	71	44	63	66	71	67	45	70	85	51	60	63	65	41	43	NA	56	NA	NA	64	66	53	74	90	86
53	2015	2	Min.Humidity	29	63	61	61	33	45	50	31	42	50	50	34	34	48	70	30	39	33	45	29	27	NA	39	NA	NA	53	42	46	55	80	80
54	2015	2	Max.Sea.Level.PressureIn	30.16	30.13	30.14	29.92	30.11	30.1	29.82	30.04	30.03	29.95	29.73	30.12	30.43	30.53	30.17	30.32	30.33	30.01	30.12	30.55	30.75	NA	30.31	NA	NA	30.32	30.12	30.17	30.1	30.08	30.16
55	2015	2	Mean.Sea.Level.PressureIn	30.12	30.1	30.07	29.76	29.95	29.77	29.49	29.91	29.93	29.83	29.61	29.69	30.04	30.36	30.14	30.18	30.18	29.8	30.05	30.34	30.69	NA	30.12	NA	NA	30.16	29.93	30.1	30.05	30.05	30.12
56	2015	2	Min.Sea.Level.PressureIn	30.04	30.06	29.94	29.69	29.74	29.46	29.3	29.81	29.85	29.7	29.53	29.48	29.74	30.16	30.1	30.1	29.88	29.7	29.97	30.14	30.56	NA	29.72	NA	NA	29.94	29.82	30.04	30.01	30.01	30.08
57	2015	2	Max.VisibilityMiles	10	10	10	10	10	10	10	10	10	10	10	10	10	10	10	10	10	10	10	10	10	NA	10	NA	NA	10	10	10	10	7	4
58	2015	2	Mean.VisibilityMiles	10	8	7	6	10	6	3	9	7	8	6	2	10	5	8	10	10	8	8	10	10	NA	9	NA	NA	10	6	10	7	2	1
59	2015	2	Min.VisibilityMiles	10	1	1	0	8	1	0	2	1	1	1	0	10	1	1	10	5	2	1	10	10	NA	4	NA	NA	10	0	10	1	1	0
60	2015	2	Max.Wind.SpeedMPH	22	21	23	16	28	22	33	31	14	14	30	36	28	26	13	25	20	22	18	14	15	NA	24	NA	NA	20	30	21	20	22	26
61	2015	2	Mean.Wind.SpeedMPH	12	11	12	5	17	10	21	20	8	5	14	18	19	11	5	15	9	11	9	8	9	NA	13	NA	NA	9	15	12	11	14	15
62	2015	2	Max.Gust.SpeedMPH	29	24	31	21	37	24	51	41	18	17	40	45	35	35	16	35	24	29	21	18	20	NA	33	NA	NA	26	40	29	26	28	32
63	2015	2	PrecipitationIn	0	0.05	0.01	0.03	0	0.23	0.39	0	0.02	0.01	0.06	0.78	0	0.17	0.11	0	T	0.07	0.02	0	0	NA	0	NA	NA	0	0.09	T	0.07	0.37	0.88
64	2015	2	CloudCover	4	7	7	8	2	6	6	3	7	8	6	7	2	6	8	5	6	4	8	2	0	NA	1	NA	NA	7	7	3	7	8	8
65	2015	2	Events	NA	Snow	Snow	Fog-Snow	NA	Snow	Fog-Snow	Snow	Snow	Snow	Snow	Fog-Snow	NA	Rain-Snow	Rain-Snow	NA	Snow	Snow	Snow	NA	NA	NA	Snow	NA	NA	NA	Fog-Rain-Snow	NA	Snow	Snow	Fog-Snow
66	2015	2	WindDirDegrees	289	359	354	321	296	181	320	290	338	337	263	360	273	201	245	298	221	287	351	305	273	NA	265	NA	NA	209	303	263	226	8	351
67	2015	3	Max.TemperatureF	30	48	57	43	40	39	41	45	51	30	34	37	32	41	39	33	35	49	56	44	40	42	33	45	50	43	39	24	38	42	48
68	2015	3	Mean.TemperatureF	21	40	47	34	32	35	34	36	40	26	27	32	28	35	30	26	28	39	47	41	35	34	27	38	44	38	29	17	28	33	37
69	2015	3	Min.TemperatureF	12	31	37	25	24	31	27	26	28	22	19	26	23	28	21	18	20	28	38	37	30	26	20	30	37	33	18	9	17	24	26
70	2015	3	Max.Dew.PointF	27	39	40	27	24	39	34	23	41	7	0	27	26	33	23	6	24	34	52	43	36	19	31	33	28	36	28	11	21	27	22
71	2015	3	MeanDew.PointF	16	28	34	12	7	32	30	14	27	0	-2	19	13	29	5	0	15	22	45	38	30	11	14	27	24	32	11	-1	12	20	19
72	2015	3	Min.DewpointF	2	19	25	1	1	19	19	5	4	-6	-4	7	0	25	-5	-6	6	16	35	35	19	3	1	17	18	29	-4	-8	6	13	16
73	2015	3	Max.Humidity	92	100	100	59	69	100	100	63	100	46	39	92	100	96	54	49	72	85	100	96	96	59	92	69	70	92	76	62	67	78	81
74	2015	3	Mean.Humidity	66	69	65	42	45	80	85	41	66	35	30	67	67	78	38	38	59	60	86	88	78	40	60	59	51	75	56	48	48	58	56
75	2015	3	Min.Humidity	40	37	30	25	21	59	69	19	31	23	21	41	33	59	22	26	46	34	71	79	59	20	28	48	31	57	35	34	29	38	31
76	2015	3	Max.Sea.Level.PressureIn	30.71	30.34	29.99	30.56	30.64	30.36	29.88	29.95	29.74	30.08	30.34	30.25	30.4	30.17	30.11	30.23	30.35	30.42	30.16	29.76	30.02	30.22	30.41	30.08	29.79	29.87	30.32	30.51	30.29	30.12	30.24
77	2015	3	Mean.Sea.Level.PressureIn	30.46	30.19	29.86	30.28	30.53	30.03	29.65	29.86	29.58	29.88	30.19	30.03	30.32	29.99	29.93	30.13	30.31	30.33	29.82	29.71	29.81	30.13	30.17	29.84	29.73	29.75	30.07	30.42	30.11	30.03	30.11
78	2015	3	Min.Sea.Level.PressureIn	30.12	30	29.79	29.94	30.37	29.63	29.58	29.77	29.38	29.74	30.09	29.93	30.19	29.76	29.76	30.08	30.24	30.17	29.64	29.65	29.71	30.04	29.8	29.72	29.69	29.64	29.85	30.29	29.95	29.94	30.05
79	2015	3	Max.VisibilityMiles	10	10	10	10	10	10	10	10	10	10	10	10	10	10	10	10	10	10	10	10	10	10	10	10	10	10	10	10	10	10	10
80	2015	3	Mean.VisibilityMiles	6	8	7	10	10	4	5	10	8	10	10	9	7	5	10	10	10	10	5	9	4	10	6	9	10	10	9	10	10	10	10
81	2015	3	Min.VisibilityMiles	1	1	0	10	10	0	0	10	2	10	10	1	1	1	10	10	10	10	0	3	0	10	1	2	10	2	2	10	10	7	10
82	2015	3	Max.Wind.SpeedMPH	20	17	25	32	18	15	33	18	38	36	30	30	12	22	33	24	13	22	16	13	24	17	24	29	20	21	20	23	21	25	25
83	2015	3	Mean.Wind.SpeedMPH	6	7	12	17	11	8	14	9	14	22	16	14	4	7	18	15	8	9	9	5	13	9	10	13	12	11	12	10	11	9	10
84	2015	3	Max.Gust.SpeedMPH	23	21	33	41	23	20	40	25	51	52	41	41	26	31	48	31	16	28	23	15	30	22	32	35	29	30	28	29	25	32	37
85	2015	3	PrecipitationIn	0.17	0.06	0.01	0	0	0.8	0.27	0	0.14	0	0	0.01	0.05	0.09	0	0	0	0.04	0.8	0.21	0.12	0	0.26	T	0	0.02	T	0	0	T	0
86	2015	3	CloudCover	7	7	5	2	4	7	8	2	5	1	1	6	7	7	1	0	4	4	8	8	8	3	6	6	3	8	8	2	3	4	3
87	2015	3	Events	Snow	Rain	Fog-Rain	NA	NA	Fog-Rain	Fog-Rain-Snow	NA	Rain-Snow	NA	NA	Rain-Snow	Snow	Snow	NA	NA	NA	Rain	Fog-Rain	Rain	Fog-Rain-Snow	NA	Rain-Snow	Rain-Snow	NA	Rain	Snow	NA	NA	Snow	NA
88	2015	3	WindDirDegrees	206	193	245	315	269	56	329	275	250	302	306	280	150	57	296	290	214	181	223	9	355	272	213	214	279	236	316	277	226	247	242
89	2015	4	Max.TemperatureF	47	55	57	68	69	65	67	60	65	60	50	61	51	65	67	51	50	56	56	57	64	54	59	55	NA	52	49	42	42	42	37
90	2015	4	Mean.TemperatureF	39	46	50	54	55	59	59	51	56	52	46	46	46	56	55	45	44	46	50	51	53	51	52	50	NA	44	41	39	39	38	35
91	2015	4	Min.TemperatureF	30	36	42	39	41	52	50	41	47	43	41	30	41	46	43	38	37	36	43	45	42	48	45	44	NA	36	32	36	36	34	33
92	2015	4	Max.Dew.PointF	16	52	50	35	42	52	31	32	54	47	38	37	51	57	46	40	28	33	39	44	42	41	50	42	NA	48	30	37	37	34	36
93	2015	4	MeanDew.PointF	7	42	32	28	34	39	23	23	47	42	34	20	42	49	39	27	24	26	33	37	35	38	45	40	NA	36	21	31	36	31	34
94	2015	4	Min.DewpointF	1	36	26	25	27	30	16	16	30	38	32	8	35	36	32	18	20	21	28	32	29	36	39	37	NA	13	10	26	34	25	32
95	2015	4	Max.Humidity	40	100	89	59	66	80	39	67	89	89	76	61	100	1000	89	71	64	60	71	63	76	77	100	89	NA	100	76	92	92	92	100
96	2015	4	Mean.Humidity	29	95	61	39	43	54	28	46	70	68	66	44	90	71	59	49	49	46	53	52	51	64	80	72	NA	66	49	74	84	73	95
97	2015	4	Min.Humidity	17	89	32	19	20	28	16	24	50	47	56	27	79	42	28	27	34	32	35	40	26	50	59	55	NA	31	21	55	76	54	89
98	2015	4	Max.Sea.Level.PressureIn	30.17	30.3	30.1	30.29	30.36	30.13	30.38	30.51	30.24	30.09	30.29	30.25	30.25	29.75	29.8	29.7	29.79	29.79	29.72	29.63	29.78	29.8	29.86	29.98	NA	30.08	30.26	30.4	30.4	30.51	30.42
99	2015	4	Mean.Sea.Level.PressureIn	29.99	29.94	29.86	30.21	30.26	30.08	30.15	30.39	29.99	29.94	30.23	30.1	30.02	29.6	29.69	29.62	29.73	29.74	29.66	29.59	29.68	29.7	29.76	29.88	NA	29.63	30.13	30.3	30.3	30.43	30.37
100	2015	4	Min.Sea.Level.PressureIn	29.79	29.65	29.72	30.12	30.14	30.03	30.06	30.26	29.86	29.83	30.09	29.88	29.73	29.53	29.53	29.54	29.7	29.68	29.62	29.53	29.62	29.59	29.65	29.79	NA	29.4	30.09	30.22	30.21	30.37	30.3
101	2015	4	Max.VisibilityMiles	10	10	10	10	10	10	10	10	10	10	10	10	10	10	10	10	10	10	10	10	10	10	10	10	NA	10	10	10	10	10	6
102	2015	4	Mean.VisibilityMiles	10	4	10	10	10	10	10	10	10	10	10	10	6	5	10	10	10	10	10	10	10	10	9	10	NA	6	10	10	9	8	2
103	2015	4	Min.VisibilityMiles	10	0	10	10	10	10	10	10	7	10	10	10	1	0	10	10	3	10	10	6	4	10	3	10	NA	0	10	10	7	4	1
104	2015	4	Max.Wind.SpeedMPH	21	20	30	16	24	25	25	23	22	28	18	29	25	20	35	25	23	18	14	22	26	16	24	15	NA	37	28	17	15	24	25
105	2015	4	Mean.Wind.SpeedMPH	10	8	17	9	12	11	12	10	13	9	11	13	14	10	15	16	16	11	6	12	14	9	12	9	NA	16	15	9	8	17	17
106	2015	4	Max.Gust.SpeedMPH	28	25	39	22	29	35	35	26	28	35	24	37	32	94	41	33	36	29	20	29	35	18	31	18	NA	49	36	21	18	30	30
107	2015	4	PrecipitationIn	0	0.09	0	0	0	0.01	0	0	0.06	0	0	0	0.61	0.54	T	0	T	0	0	0.1	0.07	0	0.03	0	NA	0.39	0	0	0.03	0.26	0.09
108	2015	4	CloudCover	1	8	1	1	3	6	1	3	6	1	3	5	8	6	3	5	5	3	7	7	5	5	8	6	NA	6	4	7	8	6	8
109	2015	4	Events	NA	Rain	NA	NA	NA	Rain	NA	NA	Rain	NA	NA	NA	Rain	Fog-Rain-Thunderstorm	Rain	NA	Snow	NA	NA	Rain	Rain	NA	Rain	NA	NA	Fog-Rain-Thunderstorm	NA	NA	Rain	Rain-Snow	Rain
110	2015	4	WindDirDegrees	332	114	274	258	194	245	325	130	237	14	75	223	107	184	186	272	292	315	344	324	8	91	221	89	NA	269	243	70	29	52	58
111	2015	5	Max.TemperatureF	49	89	80	87	69	69	67	71	67	58	65	50	66	67	76	65	83	81	87	85	86	72	67	88	77	84	70	73	79	71	71
112	2015	5	Mean.TemperatureF	44	74	65	68	61	59	58	63	60	54	59	45	59	56	64	55	67	70	76	75	75	64	56	73	63	67	62	63	66	59	59
113	2015	5	Min.TemperatureF	39	59	50	48	53	49	48	55	52	49	52	39	51	45	52	44	51	58	64	65	64	55	45	58	48	49	54	52	53	46	46
114	2015	5	Max.Dew.PointF	41	64	65	61	43	43	49	57	59	52	63	43	63	41	44	32	48	57	62	66	67	61	48	63	69	48	59	52	45	46	60
115	2015	5	MeanDew.PointF	39	61	55	52	37	34	39	50	56	48	56	40	41	36	34	23	39	52	58	63	62	57	42	60	55	43	50	40	38	43	50
116	2015	5	Min.DewpointF	37	55	48	48	31	23	32	37	52	43	48	37	30	30	24	18	33	49	53	59	55	54	39	56	46	37	41	31	30	40	43
117	2015	5	Max.Humidity	92	100	93	100	59	54	64	90	100	100	100	92	93	61	64	50	59	73	73	87	87	100	76	93	100	80	93	89	47	86	97
118	2015	5	Mean.Humidity	82	67	78	66	44	36	47	67	89	79	92	82	65	44	40	34	40	54	59	71	69	80	61	66	85	52	66	59	34	61	82
119	2015	5	Min.Humidity	71	34	62	31	29	17	29	44	78	57	83	71	36	26	16	18	20	35	44	55	51	59	45	39	69	23	39	29	21	35	66
120	2015	5	Max.Sea.Level.PressureIn	30.02	30.22	30.14	30.04	30.22	30.34	30.31	30.21	30.22	30.3	30.09	30.04	29.92	29.98	30.06	30.33	30.29	30.24	30.16	30.16	30.21	30.31	30.15	30.22	30.28	30.19	30.22	30.31	30.21	30.32	30.37
121	2015	5	Mean.Sea.Level.PressureIn	30	30.12	30.1	29.82	29.97	30.28	30.25	30.17	30.13	30.23	29.9	30	29.78	29.91	29.86	30.26	30.22	30.2	30.12	30.12	30.12	30.27	30.06	30.12	30.14	30.13	30.16	30.24	30.14	30.2	30.3
122	2015	5	Min.Sea.Level.PressureIn	29.97	30.02	30.06	29.62	29.77	30.24	30.2	30.12	30.09	30.12	29.72	29.96	29.7	29.85	29.78	30.07	30.14	30.15	30.09	30.06	30.04	30.22	30.01	30.03	30.02	30.06	30.07	30.16	30.05	30.09	30.21
123	2015	5	Max.VisibilityMiles	10	10	10	10	10	10	10	10	10	10	10	10	10	10	10	10	10	10	10	10	10	10	10	10	10	10	10	10	10	10	10
124	2015	5	Mean.VisibilityMiles	10	10	9	6	10	10	10	10	8	8	8	10	10	10	10	10	10	10	10	10	10	8	10	10	8	10	10	10	10	10	9
125	2015	5	Min.VisibilityMiles	10	7	5	0	10	10	10	10	0	0	2	10	7	10	10	10	10	10	10	10	10	0	10	10	1	10	7	10	10	9	3
126	2015	5	Max.Wind.SpeedMPH	17	22	21	25	28	22	15	17	15	16	16	13	26	17	26	22	23	20	23	26	23	17	17	26	31	30	21	20	22	22	18
127	2015	5	Mean.Wind.SpeedMPH	8	14	10	9	14	9	6	8	8	10	10	7	14	10	13	13	16	11	16	16	13	8	9	15	14	13	10	9	11	12	8
128	2015	5	Max.Gust.SpeedMPH	22	29	24	33	35	24	18	21	18	NA	23	16	35	23	37	32	30	26	28	32	29	20	21	33	36	37	25	25	28	25	23
129	2015	5	PrecipitationIn	0	0	0	0.02	0	0	0	T	0	0	0.27	0	0	0	T	0	0	T	0	0	T	0	0	0	0.91	0	0.02	0	0	0	0
130	2015	5	CloudCover	6	6	6	7	1	1	5	8	3	6	8	4	4	4	4	0	3	6	6	4	6	4	4	2	7	2	5	3	1	4	7
131	2015	5	Events	NA	NA	NA	Rain	NA	NA	NA	NA	NA	Fog	Rain	NA	NA	NA	Rain	NA	NA	Rain	NA	NA	Rain	Fog	NA	NA	Rain	NA	Rain	NA	NA	NA	NA
132	2015	5	WindDirDegrees	85	221	68	75	305	281	134	194	97	72	203	103	288	211	264	285	237	209	217	207	216	48	176	205	28	206	183	122	205	35	117
133	2015	6	Max.TemperatureF	49	82	88	79	85	74	63	71	69	76	86	49	75	76	77	88	84	81	72	68	59	75	56	75	NA	58	59	67	67	76	78
134	2015	6	Mean.TemperatureF	48	72	76	72	75	68	59	64	64	67	75	48	67	68	69	74	76	73	66	63	56	64	52	68	NA	54	55	60	60	65	71
135	2015	6	Min.TemperatureF	47	62	64	65	64	62	54	56	59	57	63	46	58	60	61	60	67	64	59	57	52	53	47	60	NA	49	50	52	53	53	64
136	2015	6	Max.Dew.PointF	48	59	66	67	68	56	56	66	56	54	63	46	58	72	65	72	60	61	58	58	59	61	48	62	NA	46	51	55	47	58	65
137	2015	6	MeanDew.PointF	47	54	58	55	59	51	53	59	46	49	57	45	51	65	62	66	54	55	53	55	56	56	45	60	NA	45	48	51	40	53	63
138	2015	6	Min.DewpointF	46	47	48	49	47	45	51	56	38	45	47	44	46	59	60	59	46	52	46	48	51	50	43	57	NA	42	45	39	35	42	59
139	2015	6	Max.Humidity	100	78	78	79	84	73	100	100	73	72	84	100	78	100	100	100	73	76	84	93	100	93	93	97	NA	86	93	100	60	89	93
140	2015	6	Mean.Humidity	97	54	56	60	56	56	84	91	55	59	64	93	64	91	84	80	52	56	68	76	94	80	82	81	NA	74	83	73	47	71	81
141	2015	6	Min.Humidity	93	30	33	41	27	38	67	81	37	46	43	86	49	82	68	60	30	36	52	58	87	66	71	64	NA	61	72	46	34	52	69
142	2015	6	Max.Sea.Level.PressureIn	30.27	29.85	29.91	30.01	29.99	30.12	30.14	30.01	30.18	30.14	30.05	30.22	30.15	29.96	29.99	29.96	29.97	30.03	30.09	30.19	30.07	29.94	30.31	30.01	NA	30.35	30.24	30.08	30.23	30.13	29.79
143	2015	6	Mean.Sea.Level.PressureIn	30.25	29.8	29.82	29.92	29.87	30.06	30.09	29.88	30.14	30.04	29.9	30.19	30.1	29.74	29.85	29.81	29.9	29.98	30.01	30.14	29.8	29.84	30.24	29.97	NA	30.3	30.09	29.94	30.16	29.95	29.7
144	2015	6	Min.Sea.Level.PressureIn	30.23	29.71	29.78	29.77	29.72	29.99	30.04	29.78	30.08	29.93	29.85	30.17	30.03	29.63	29.76	29.68	29.78	29.93	29.94	30.09	29.69	29.78	30.19	29.94	NA	30.24	29.93	29.85	30.09	29.82	29.63
145	2015	6	Max.VisibilityMiles	6	10	10	10	10	10	10	10	10	10	10	10	10	10	10	10	10	10	10	10	7	10	10	10	NA	10	10	10	10	10	10
146	2015	6	Mean.VisibilityMiles	3	10	9	10	10	10	5	6	10	-1	10	7	10	5	5	10	10	10	10	10	3	9	10	10	NA	10	10	10	10	10	10
147	2015	6	Min.VisibilityMiles	2	10	7	10	10	10	1	0	10	10	10	2	10	0	0	9	10	10	10	7	1	2	10	10	NA	10	10	2	10	10	9
148	2015	6	Max.Wind.SpeedMPH	21	20	22	18	21	17	21	13	23	17	20	20	18	17	13	28	20	15	16	38	29	15	14	14	NA	16	20	20	21	29	23
149	2015	6	Mean.Wind.SpeedMPH	14	11	14	9	9	10	9	5	10	10	10	11	9	6	6	12	11	7	8	8	18	7	7	7	NA	6	8	7	11	17	13
150	2015	6	Max.Gust.SpeedMPH	26	26	29	24	26	21	23	18	28	23	26	26	23	22	15	33	28	21	20	0	36	21	NA	17	NA	21	22	28	23	40	26
151	2015	6	PrecipitationIn	0.38	0	0	0	T	0	0.4	T	0	0	0	0.74	0.04	1.72	0	0.01	0	0	T	0.2	1.43	T	0	0	NA	0	T	0.09	0	T	T
152	2015	6	CloudCover	8	3	7	6	6	5	8	7	5	5	6	8	5	8	6	6	2	4	5	6	8	7	7	4	NA	5	5	5	3	6	6
153	2015	6	Events	Rain	NA	NA	NA	NA	NA	Rain	Rain	NA	NA	NA	Rain	NA	Rain	Fog	Rain	NA	NA	Rain	Rain	Rain	NA	NA	NA	NA	NA	NA	Rain	NA	Rain	Rain
154	2015	6	WindDirDegrees	43	245	248	202	2	67	113	87	111	189	272	33	76	92	89	201	298	292	41	108	39	216	90	155	NA	113	106	54	76	200	199
155	2015	7	Max.TemperatureF	82	77	83	89	77	82	82	68	75	78	90	80	92	81	84	82	81	69	79	86	86	92	76	91	89	72	83	80	84	88	69
156	2015	7	Mean.TemperatureF	72	69	76	81	72	74	75	64	68	71	81	72	81	76	77	75	74	66	71	77	78	82	70	83	81	67	72	74	75	79	66
157	2015	7	Min.TemperatureF	62	60	68	72	67	65	67	59	60	64	71	64	70	70	69	67	66	62	63	68	70	71	63	74	73	62	61	68	65	69	63
158	2015	7	Max.Dew.PointF	68	66	61	67	67	70	72	55	61	68	74	60	73	68	66	58	61	61	68	69	70	69	56	73	71	62	61	66	72	71	60
159	2015	7	MeanDew.PointF	64	61	57	61	65	67	68	51	58	65	71	56	66	63	55	54	56	59	64	67	69	67	53	70	59	58	59	63	68	67	57
160	2015	7	Min.DewpointF	60	55	54	57	61	60	57	48	53	61	68	54	52	59	48	52	51	57	60	65	66	63	49	67	52	55	57	59	63	55	55
161	2015	7	Max.Humidity	100	100	61	67	93	93	100	78	84	93	93	78	93	79	84	68	81	93	93	93	97	90	73	93	93	87	90	84	93	93	93
162	2015	7	Mean.Humidity	78	74	49	54	81	72	87	65	72	81	73	60	62	66	58	52	60	81	79	74	80	66	56	73	61	75	67	69	77	68	77
163	2015	7	Min.Humidity	55	47	37	40	68	51	73	52	60	69	52	42	30	52	31	36	39	68	64	55	63	41	38	52	29	63	43	54	61	42	61
164	2015	7	Max.Sea.Level.PressureIn	29.93	29.96	30.04	30	29.95	29.85	29.89	30.07	30.12	30.04	29.87	29.89	29.71	29.66	29.81	29.88	29.94	30.06	30.05	30.03	29.99	29.96	30	29.89	29.81	30.01	30.13	30.17	30.12	30	30.03
165	2015	7	Mean.Sea.Level.PressureIn	29.78	29.9	30.01	29.95	29.91	29.71	29.67	30.02	30.08	29.95	29.8	29.86	29.66	29.61	29.67	29.84	29.9	30.02	30.01	30	29.96	29.92	29.94	29.82	29.78	29.99	30.05	30.13	30.05	29.9	29.98
166	2015	7	Min.Sea.Level.PressureIn	29.68	29.83	29.96	29.9	29.86	29.62	29.58	29.91	30.03	29.86	29.7	29.81	29.63	29.55	29.57	29.82	29.88	29.94	29.96	29.97	29.93	29.87	29.87	29.75	29.75	29.95	29.99	30.09	29.92	29.87	29.87
167	2015	7	Max.VisibilityMiles	10	10	10	10	10	10	10	10	10	10	10	10	10	10	10	10	10	10	10	10	10	10	10	10	10	10	10	10	10	10	10
168	2015	7	Mean.VisibilityMiles	8	7	10	10	10	10	10	10	10	10	10	10	10	10	10	10	10	10	10	10	10	10	10	10	10	10	9	10	10	9	10
169	2015	7	Min.VisibilityMiles	0	2	10	10	7	3	7	10	10	2	7	10	7	10	10	10	7	10	10	10	10	10	10	7	10	10	7	8	10	6	5
170	2015	7	Max.Wind.SpeedMPH	22	15	13	15	15	21	20	18	17	21	20	16	20	16	22	14	20	16	14	18	16	16	15	25	23	10	13	15	23	20	15
171	2015	7	Mean.Wind.SpeedMPH	10	8	8	9	6	8	7	11	9	11	9	9	9	7	12	7	9	9	8	8	8	7	9	14	11	4	8	7	10	11	8
172	2015	7	Max.Gust.SpeedMPH	28	17	17	23	17	24	26	25	25	28	25	23	28	24	29	21	28	20	22	24	18	20	17	33	31	12	22	18	29	25	18
173	2015	7	PrecipitationIn	0.5	1.12	0	0	0	0.03	T	0	T	0.14	T	0	T	T	0	0	0.01	0	T	0.06	0	0	0	0.02	0	T	0	0	0.02	T	0.15
174	2015	7	CloudCover	6	6	1	4	6	5	7	3	5	7	6	4	4	5	3	4	4	5	7	5	3	3	2	5	2	6	1	3	5	5	6
175	2015	7	Events	Rain-Thunderstorm	Rain	NA	NA	NA	Rain	Rain	NA	NA	Rain	Rain	NA	NA	NA	NA	NA	Rain	NA	Rain	Rain	NA	NA	NA	Rain	NA	NA	NA	NA	Rain	Rain	Rain
176	2015	7	WindDirDegrees	164	85	282	249	68	144	99	59	151	200	206	265	272	256	309	303	320	50	181	200	181	190	63	223	263	126	252	165	160	272	67
177	2015	8	Max.TemperatureF	90	83	72	85	82	86	91	90	91	87	88	88	78	83	73	71	75	81	85	82	75	82	90	88	90	89	85	82	73	76	73
178	2015	8	Mean.TemperatureF	79	73	68	77	74	75	80	79	81	79	80	78	73	75	70	69	72	74	77	74	70	73	79	79	81	78	75	74	69	69	68
179	2015	8	Min.TemperatureF	68	63	64	68	66	63	68	67	71	71	71	68	68	67	67	67	68	67	69	65	64	63	68	69	71	66	65	65	64	61	62
180	2015	8	Max.Dew.PointF	61	62	70	70	62	61	69	68	71	71	70	63	70	75	70	70	69	72	70	56	62	58	68	65	66	72	65	55	61	61	61
181	2015	8	MeanDew.PointF	58	59	67	63	59	57	63	66	67	69	68	54	69	70	66	68	68	69	64	54	56	55	64	61	63	66	57	53	57	57	59
182	2015	8	Min.DewpointF	55	56	62	56	57	52	55	64	64	65	64	51	68	66	64	66	67	66	56	52	53	53	58	58	60	62	51	50	54	54	57
183	2015	8	Max.Humidity	66	87	100	100	78	78	87	93	84	90	93	73	100	100	100	100	100	100	100	68	73	78	100	78	79	90	81	67	87	87	93
184	2015	8	Mean.Humidity	50	67	94	70	62	57	64	70	64	76	72	52	88	87	90	97	92	81	71	54	63	59	67	58	60	68	58	51	70	68	80
185	2015	8	Min.Humidity	34	47	87	40	45	36	41	46	44	61	51	30	76	74	79	93	84	62	42	39	53	39	34	37	40	46	34	35	53	49	66
186	2015	8	Max.Sea.Level.PressureIn	29.82	30.06	30.01	29.88	30.09	30.14	30.11	30.09	30.08	30.03	30.1	29.9	30.12	30.05	30.11	30.06	29.96	29.91	29.95	30.07	30.17	30.19	29.87	30.09	30	29.88	29.89	29.93	29.97	30.02	30.05
187	2015	8	Mean.Sea.Level.PressureIn	29.75	30.02	29.84	29.76	29.98	30.11	30.07	30.07	30.04	30.01	30.06	29.86	30.09	30.02	30.08	30.01	29.92	29.89	29.89	29.98	30.13	30.14	29.81	30.03	29.93	29.83	29.85	29.9	29.95	29.99	30.03
188	2015	8	Min.Sea.Level.PressureIn	29.7	29.97	29.73	29.71	29.89	30.06	30.01	30.04	29.99	29.97	30.03	29.82	30.04	29.98	30.03	29.96	29.87	29.83	29.86	29.94	30.08	30.08	29.75	29.98	29.86	29.76	29.79	29.86	29.92	29.95	30
189	2015	8	Max.VisibilityMiles	10	10	10	10	10	10	10	10	10	10	10	10	10	10	10	10	10	10	10	10	10	10	10	10	10	10	10	10	10	10	10
190	2015	8	Mean.VisibilityMiles	10	10	7	10	10	10	10	10	10	8	10	10	9	4	9	3	7	6	10	10	10	10	10	10	10	8	10	10	10	10	10
191	2015	8	Min.VisibilityMiles	10	10	1	10	10	10	8	10	10	0	7	10	0	0	0	0	1	0	6	10	10	10	7	10	10	0	10	10	10	10	10
192	2015	8	Max.Wind.SpeedMPH	26	21	21	15	17	17	20	17	15	29	18	20	22	14	15	14	14	17	16	17	14	16	23	17	22	38	23	18	16	14	20
193	2015	8	Mean.Wind.SpeedMPH	10	10	10	9	8	9	8	7	8	8	9	11	11	6	7	8	6	9	8	10	8	7	13	9	11	9	11	9	8	6	9
194	2015	8	Max.Gust.SpeedMPH	35	24	24	21	18	23	25	22	21	38	22	26	25	20	18	25	16	21	22	22	18	22	30	26	32	51	29	22	20	NA	26
195	2015	8	PrecipitationIn	T	0	0.83	0	0	0	0.08	0	0	0.14	0	0	0	0.63	T	0.02	T	0	T	0	0	0	0	0	0	0.49	0	0	0	0	0
196	2015	8	CloudCover	3	3	7	4	2	1	6	3	2	4	3	1	4	7	7	8	7	6	4	2	2	3	2	5	2	5	3	3	2	4	5
197	2015	8	Events	Rain	NA	Rain	NA	NA	NA	Rain-Thunderstorm	NA	NA	Rain-Thunderstorm	NA	NA	NA	Fog-Rain-Thunderstorm	Fog	Rain	NA	Fog	Rain	NA	NA	NA	Thunderstorm	NA	NA	Fog-Rain-Hail-Thunderstorm	NA	NA	NA	NA	NA
198	2015	8	WindDirDegrees	251	212	171	257	296	225	192	221	209	192	204	254	115	91	53	22	89	133	246	289	188	242	201	254	265	222	260	278	37	45	36
199	2015	9	Max.TemperatureF	79	77	73	71	66	72	84	81	89	85	79	91	75	66	68	68	74	66	63	64	78	84	82	78	NA	72	73	82	93	96	93
200	2015	9	Mean.TemperatureF	74	71	68	66	65	65	73	73	77	75	71	79	66	60	62	61	66	61	57	56	67	75	76	68	NA	67	66	72	80	84	83
201	2015	9	Min.TemperatureF	69	64	63	60	63	57	62	65	64	65	62	66	57	53	56	54	58	55	50	48	56	65	70	57	NA	62	58	61	66	72	72
202	2015	9	Max.Dew.PointF	63	71	63	63	65	63	58	64	65	62	67	68	66	48	57	54	54	55	49	57	66	70	68	73	NA	69	58	63	65	72	71
203	2015	9	MeanDew.PointF	62	65	61	61	62	54	54	59	59	60	62	63	55	46	53	49	52	50	45	49	60	68	66	67	NA	60	54	59	59	67	68
204	2015	9	Min.DewpointF	59	61	59	59	59	51	51	57	53	57	57	59	46	45	48	42	48	47	39	42	53	64	65	51	NA	55	49	57	51	64	62
205	2015	9	Max.Humidity	78	93	100	100	100	90	67	78	84	87	100	87	90	72	93	93	78	86	77	93	93	100	84	100	NA	93	93	90	73	84	84
206	2015	9	Mean.Humidity	65	81	84	87	94	70	52	62	58	64	74	63	63	60	76	68	62	72	64	75	75	79	73	89	NA	78	70	69	55	63	60
207	2015	9	Min.Humidity	52	69	68	73	87	49	36	45	31	40	48	38	36	48	58	42	46	58	51	57	56	58	62	78	NA	63	47	48	36	41	36
208	2015	9	Max.Sea.Level.PressureIn	30.06	29.91	29.82	29.89	29.79	30.07	30.25	30.32	30.19	30.04	30	30.04	30.13	30.3	30.34	30.27	30.39	30.44	30.53	30.52	30.34	30.14	29.94	29.96	NA	30.27	30.31	30.22	30.1	29.97	29.94
209	2015	9	Mean.Sea.Level.PressureIn	30.02	29.86	29.75	29.84	29.75	29.88	30.2	30.26	30.1	30	29.95	29.94	29.96	30.24	30.31	30.24	30.31	30.4	30.49	30.44	30.23	30.06	29.87	29.77	NA	30.14	30.26	30.16	30	29.94	29.85
210	2015	9	Min.Sea.Level.PressureIn	29.96	29.79	29.69	29.79	29.71	29.72	30.09	30.2	30.02	29.95	29.87	29.85	29.83	30.14	30.28	30.21	30.22	30.38	30.4	30.35	30.15	29.98	29.83	29.63	NA	29.94	30.22	30.1	29.92	29.9	29.78
211	2015	9	Max.VisibilityMiles	10	10	10	10	10	10	10	10	10	10	10	10	10	10	10	10	10	10	10	10	10	10	10	10	NA	10	10	10	10	10	10
212	2015	9	Mean.VisibilityMiles	10	10	8	10	6	10	10	10	10	10	8	10	10	10	10	10	10	10	10	10	10	7	9	6	NA	9	10	10	10	9	10
213	2015	9	Min.VisibilityMiles	10	4	2	6	0	10	10	10	10	10	1	9	10	10	10	10	10	10	10	10	10	0	7	0	NA	5	10	10	10	6	10
214	2015	9	Max.Wind.SpeedMPH	15	21	25	16	20	24	16	13	14	17	17	15	18	20	16	10	16	17	20	15	16	21	12	32	NA	23	14	18	21	21	22
215	2015	9	Mean.Wind.SpeedMPH	9	11	10	7	10	15	11	7	7	8	10	9	12	11	9	6	9	9	10	7	7	9	6	13	NA	11	7	10	12	7	13
216	2015	9	Max.Gust.SpeedMPH	NA	26	33	17	23	36	22	21	20	22	21	21	24	24	20	15	20	21	28	18	20	25	14	38	NA	32	16	23	25	24	28
217	2015	9	PrecipitationIn	0	0.17	0.66	0.01	0.38	0	0	0	0	0	0	0	T	0	0	0	0	0	0	0	0	0.04	0.01	2.46	NA	T	0	0	0	0.2	0
218	2015	9	CloudCover	1	7	7	6	8	3	0	1	1	1	4	0	4	3	6	2	1	5	4	2	4	7	4	8	NA	6	1	1	1	2	3
219	2015	9	Events	NA	Rain	Rain	Rain	Rain	NA	NA	NA	NA	NA	NA	NA	NA	NA	NA	NA	NA	NA	NA	NA	NA	Fog-Rain	Rain-Thunderstorm	Fog-Rain	NA	Rain	NA	NA	NA	NA	NA
220	2015	9	WindDirDegrees	54	23	15	118	85	267	278	207	231	199	198	231	295	26	30	61	26	51	42	222	185	186	91	182	NA	47	94	190	231	225	214
221	2015	10	Max.TemperatureF	59	61	68	76	72	68	62	61	56	47	48	54	66	61	73	59	49	63	52	54	65	75	54	61	52	56	61	64	72	62	72
222	2015	10	Mean.TemperatureF	57	55	58	64	64	60	55	56	48	40	40	52	56	57	63	50	44	56	48	46	54	66	52	52	45	54	55	56	62	57	62
223	2015	10	Min.TemperatureF	54	48	48	51	55	51	47	50	40	33	31	50	45	53	52	40	38	48	43	38	42	57	49	42	38	51	48	48	52	51	52
224	2015	10	Max.Dew.PointF	50	55	49	56	62	57	42	45	40	29	31	45	43	54	56	38	42	54	36	41	61	66	47	37	39	45	50	49	54	50	63
225	2015	10	MeanDew.PointF	48	40	45	51	58	46	38	40	32	19	20	43	37	48	52	31	35	47	33	34	48	57	43	31	31	42	47	46	47	44	57
226	2015	10	Min.DewpointF	45	31	43	48	52	37	36	35	24	13	15	40	32	42	47	26	28	35	30	28	39	30	41	26	26	38	41	43	43	35	49
227	2015	10	Max.Humidity	77	74	86	89	100	84	71	74	83	64	69	80	65	100	100	60	80	89	70	83	100	100	80	53	71	77	96	89	77	83	93
228	2015	10	Mean.Humidity	72	53	63	65	84	65	55	57	58	46	48	73	51	76	71	49	71	72	57	62	83	65	72	41	58	66	80	71	61	61	75
229	2015	10	Min.Humidity	67	32	39	41	68	45	39	39	32	28	26	66	36	51	41	38	61	55	44	41	66	30	64	28	44	54	64	52	44	39	57
230	2015	10	Max.Sea.Level.PressureIn	30.24	30.09	30.03	29.86	29.93	29.81	29.96	29.98	30.14	30.33	30.45	30.36	30.21	30.33	30.28	30.37	30.44	30.19	30.53	30.62	30.57	29.75	30.46	30.09	30.22	30.44	30.29	30.08	29.99	30.16	30.12
231	2015	10	Mean.Sea.Level.PressureIn	30.13	30.02	29.9	29.8	29.6	29.66	29.91	29.9	30.01	30.22	30.34	30.28	30.13	30.28	30.13	30.19	30.37	30.07	30.4	30.56	30.27	29.55	30.42	29.83	30.14	30.39	30.2	30	29.95	30.11	29.85
232	2015	10	Min.Sea.Level.PressureIn	29.97	29.8	29.79	29.74	29.47	29.56	29.82	29.84	29.95	30.13	30.18	30.22	30.07	30.17	29.96	30.03	30.25	29.98	30.21	30.53	29.79	29.44	30.35	29.64	30.06	30.3	30.09	29.94	29.9	30	29.72
233	2015	10	Max.VisibilityMiles	10	10	10	10	10	10	10	10	10	10	10	10	10	10	10	10	10	10	10	10	10	10	10	10	10	10	10	10	10	10	10
234	2015	10	Mean.VisibilityMiles	10	10	10	10	7	10	10	10	10	10	10	10	10	9	7	10	10	10	10	10	7	8	9	10	10	10	10	10	10	10	8
235	2015	10	Min.VisibilityMiles	10	10	10	10	0	10	10	10	10	10	10	7	10	4	0	10	10	7	10	10	2	2	5	10	10	10	10	10	10	10	2
236	2015	10	Max.Wind.SpeedMPH	30	29	23	15	16	21	16	22	23	22	17	25	21	13	24	26	13	24	18	12	29	29	29	23	13	28	15	12	13	13	31
237	2015	10	Mean.Wind.SpeedMPH	17	10	14	8	8	13	9	12	12	11	11	20	12	6	11	14	6	12	9	6	17	17	22	13	7	18	9	6	7	9	15
238	2015	10	Max.Gust.SpeedMPH	38	37	28	NA	21	28	24	29	29	30	22	36	28	16	29	35	16	35	26	22	40	39	37	31	17	35	18	15	17	18	40
239	2015	10	PrecipitationIn	T	0	0	0	0.12	0	0	T	T	T	0	0.08	T	0.07	T	0	0	0.03	0	0	0.36	0.73	0.01	0	0	0	0	0	0	0	0.34
240	2015	10	CloudCover	7	2	4	0	6	3	1	3	4	2	2	8	6	8	7	2	8	7	2	4	7	7	8	1	4	7	6	1	3	2	7
241	2015	10	Events	Rain	NA	NA	NA	Fog-Rain	NA	NA	Rain	NA	NA	NA	Rain	NA	Rain	Fog	NA	NA	Rain	NA	NA	Rain	Rain	Rain	NA	NA	NA	NA	NA	NA	NA	Rain
242	2015	10	WindDirDegrees	22	313	222	199	148	262	266	262	287	319	275	28	234	68	187	320	4	233	294	178	114	206	39	289	224	40	14	344	299	14	210
243	2015	11	Max.TemperatureF	62	53	50	57	59	47	54	61	45	48	55	64	61	48	49	42	44	44	59	64	60	44	73	38	NA	60	76	73	69	56	60
244	2015	11	Mean.TemperatureF	55	49	48	52	53	42	46	50	39	40	49	58	53	43	43	36	37	37	49	56	51	38	60	33	NA	55	63	68	60	50	51
245	2015	11	Min.TemperatureF	48	44	46	46	46	37	37	39	33	31	43	51	44	38	36	30	29	30	38	48	41	32	47	28	NA	49	50	62	50	44	41
246	2015	11	Max.Dew.PointF	50	47	49	54	54	31	35	37	31	38	50	48	58	31	44	36	21	34	49	52	50	33	44	26	NA	49	61	62	45	34	36
247	2015	11	MeanDew.PointF	46	40	45	47	39	25	30	29	26	33	44	42	47	28	39	18	16	27	42	49	43	23	42	23	NA	45	55	61	38	30	32
248	2015	11	Min.DewpointF	39	36	42	42	30	19	25	14	20	29	39	39	26	23	31	5	11	20	34	47	36	15	40	18	NA	43	48	54	33	24	30
249	2015	11	Max.Humidity	80	80	93	100	86	62	64	66	76	85	89	83	100	70	89	85	50	76	100	100	93	79	82	75	NA	83	100	93	57	65	70
250	2015	11	Mean.Humidity	73	67	90	90	65	51	54	42	62	69	83	63	69	60	80	56	42	63	79	78	80	58	57	65	NA	69	77	79	48	48	52
251	2015	11	Min.Humidity	65	54	86	80	44	39	44	17	48	53	77	43	38	49	70	27	33	49	57	56	67	36	31	54	NA	55	53	64	39	30	33
252	2015	11	Max.Sea.Level.PressureIn	30.07	30.31	29.98	29.98	29.62	30.12	30.21	30.41	30.6	30.61	30.44	30.11	30.18	30.3	30	30.15	30.53	30.88	30.87	30.63	30.2	30.42	30.25	30.53	NA	30.4	30.3	30.07	30.02	30.38	30.43
253	2015	11	Mean.Sea.Level.PressureIn	29.91	30.15	29.85	29.75	29.51	29.89	30.12	30.18	30.54	30.55	30.3	30.02	30.02	30.2	29.91	29.94	30.33	30.76	30.77	30.41	30.16	30.26	30.13	30.46	NA	30.33	30.2	29.9	29.93	30.25	30.37
254	2015	11	Min.Sea.Level.PressureIn	29.79	29.89	29.78	29.42	29.43	29.63	30.05	30.09	30.42	30.46	30.06	29.94	29.94	30.04	29.82	29.8	30.16	30.54	30.64	30.15	30.11	30.19	30.06	30.39	NA	30.26	30.09	29.71	29.83	30.04	30.32
255	2015	11	Max.VisibilityMiles	10	10	10	10	10	10	10	10	10	10	10	10	10	10	10	10	10	10	10	10	10	10	10	10	NA	10	10	10	10	10	10
256	2015	11	Mean.VisibilityMiles	10	10	4	8	10	10	10	10	10	10	10	10	7	10	9	10	10	10	9	9	9	10	10	10	NA	10	9	10	10	10	10
257	2015	11	Min.VisibilityMiles	10	7	2	0	10	10	10	10	10	10	10	10	2	10	5	10	10	10	5	5	4	10	10	10	NA	10	5	10	10	10	10
258	2015	11	Max.Wind.SpeedMPH	22	17	25	18	29	31	18	21	14	15	16	18	25	13	20	22	15	14	22	26	18	16	16	14	NA	13	22	26	25	18	16
259	2015	11	Mean.Wind.SpeedMPH	11	8	16	7	18	16	10	11	7	6	9	7	13	8	7	13	8	6	10	14	10	10	8	9	NA	7	12	15	13	12	9
260	2015	11	Max.Gust.SpeedMPH	28	22	33	23	39	43	23	28	17	17	20	23	29	16	25	31	22	18	28	32	23	20	NA	17	NA	16	31	32	33	25	20
261	2015	11	PrecipitationIn	T	0.07	0.54	0.04	0.01	0	0	0	0	0	T	0	0.86	0	0.3	0.04	0	0	0	0	0.21	0	0	0	NA	0	0	0	0	0	0
262	2015	11	CloudCover	6	7	8	8	3	2	6	3	1	2	8	2	6	4	8	3	1	1	6	7	8	4	1	6	NA	0	4	4	6	0	2
263	2015	11	Events	Rain	Rain	Rain	Rain	Rain	NA	NA	NA	NA	NA	Rain	NA	Rain	NA	Rain	Rain	NA	NA	NA	NA	Rain	NA	NA	NA	NA	NA	NA	NA	NA	NA	NA
264	2015	11	WindDirDegrees	207	37	13	173	257	279	254	306	35	158	132	251	266	1	341	316	271	83	180	209	358	326	281	65	NA	129	224	222	280	283	237
265	2015	12	Max.TemperatureF	45	NA	NA	NA	NA	NA	NA	NA	NA	NA	NA	NA	NA	NA	NA	NA	NA	NA	NA	NA	NA	NA	NA	NA	NA	NA	NA	NA	NA	NA	NA
266	2015	12	Mean.TemperatureF	39	NA	NA	NA	NA	NA	NA	NA	NA	NA	NA	NA	NA	NA	NA	NA	NA	NA	NA	NA	NA	NA	NA	NA	NA	NA	NA	NA	NA	NA	NA
267	2015	12	Min.TemperatureF	32	NA	NA	NA	NA	NA	NA	NA	NA	NA	NA	NA	NA	NA	NA	NA	NA	NA	NA	NA	NA	NA	NA	NA	NA	NA	NA	NA	NA	NA	NA
268	2015	12	Max.Dew.PointF	43	NA	NA	NA	NA	NA	NA	NA	NA	NA	NA	NA	NA	NA	NA	NA	NA	NA	NA	NA	NA	NA	NA	NA	NA	NA	NA	NA	NA	NA	NA
269	2015	12	MeanDew.PointF	35	NA	NA	NA	NA	NA	NA	NA	NA	NA	NA	NA	NA	NA	NA	NA	NA	NA	NA	NA	NA	NA	NA	NA	NA	NA	NA	NA	NA	NA	NA
270	2015	12	Min.DewpointF	25	NA	NA	NA	NA	NA	NA	NA	NA	NA	NA	NA	NA	NA	NA	NA	NA	NA	NA	NA	NA	NA	NA	NA	NA	NA	NA	NA	NA	NA	NA
271	2015	12	Max.Humidity	96	NA	NA	NA	NA	NA	NA	NA	NA	NA	NA	NA	NA	NA	NA	NA	NA	NA	NA	NA	NA	NA	NA	NA	NA	NA	NA	NA	NA	NA	NA
272	2015	12	Mean.Humidity	83	NA	NA	NA	NA	NA	NA	NA	NA	NA	NA	NA	NA	NA	NA	NA	NA	NA	NA	NA	NA	NA	NA	NA	NA	NA	NA	NA	NA	NA	NA
273	2015	12	Min.Humidity	69	NA	NA	NA	NA	NA	NA	NA	NA	NA	NA	NA	NA	NA	NA	NA	NA	NA	NA	NA	NA	NA	NA	NA	NA	NA	NA	NA	NA	NA	NA
274	2015	12	Max.Sea.Level.PressureIn	30.4	NA	NA	NA	NA	NA	NA	NA	NA	NA	NA	NA	NA	NA	NA	NA	NA	NA	NA	NA	NA	NA	NA	NA	NA	NA	NA	NA	NA	NA	NA
275	2015	12	Mean.Sea.Level.PressureIn	30.24	NA	NA	NA	NA	NA	NA	NA	NA	NA	NA	NA	NA	NA	NA	NA	NA	NA	NA	NA	NA	NA	NA	NA	NA	NA	NA	NA	NA	NA	NA
276	2015	12	Min.Sea.Level.PressureIn	30.01	NA	NA	NA	NA	NA	NA	NA	NA	NA	NA	NA	NA	NA	NA	NA	NA	NA	NA	NA	NA	NA	NA	NA	NA	NA	NA	NA	NA	NA	NA
277	2015	12	Max.VisibilityMiles	10	NA	NA	NA	NA	NA	NA	NA	NA	NA	NA	NA	NA	NA	NA	NA	NA	NA	NA	NA	NA	NA	NA	NA	NA	NA	NA	NA	NA	NA	NA
278	2015	12	Mean.VisibilityMiles	8	NA	NA	NA	NA	NA	NA	NA	NA	NA	NA	NA	NA	NA	NA	NA	NA	NA	NA	NA	NA	NA	NA	NA	NA	NA	NA	NA	NA	NA	NA
279	2015	12	Min.VisibilityMiles	1	NA	NA	NA	NA	NA	NA	NA	NA	NA	NA	NA	NA	NA	NA	NA	NA	NA	NA	NA	NA	NA	NA	NA	NA	NA	NA	NA	NA	NA	NA
280	2015	12	Max.Wind.SpeedMPH	15	NA	NA	NA	NA	NA	NA	NA	NA	NA	NA	NA	NA	NA	NA	NA	NA	NA	NA	NA	NA	NA	NA	NA	NA	NA	NA	NA	NA	NA	NA
281	2015	12	Mean.Wind.SpeedMPH	6	NA	NA	NA	NA	NA	NA	NA	NA	NA	NA	NA	NA	NA	NA	NA	NA	NA	NA	NA	NA	NA	NA	NA	NA	NA	NA	NA	NA	NA	NA
282	2015	12	Max.Gust.SpeedMPH	17	NA	NA	NA	NA	NA	NA	NA	NA	NA	NA	NA	NA	NA	NA	NA	NA	NA	NA	NA	NA	NA	NA	NA	NA	NA	NA	NA	NA	NA	NA
283	2015	12	PrecipitationIn	0.14	NA	NA	NA	NA	NA	NA	NA	NA	NA	NA	NA	NA	NA	NA	NA	NA	NA	NA	NA	NA	NA	NA	NA	NA	NA	NA	NA	NA	NA	NA
284	2015	12	CloudCover	7	NA	NA	NA	NA	NA	NA	NA	NA	NA	NA	NA	NA	NA	NA	NA	NA	NA	NA	NA	NA	NA	NA	NA	NA	NA	NA	NA	NA	NA	NA
285	2015	12	Events	Rain	NA	NA	NA	NA	NA	NA	NA	NA	NA	NA	NA	NA	NA	NA	NA	NA	NA	NA	NA	NA	NA	NA	NA	NA	NA	NA	NA	NA	NA	NA
286	2015	12	WindDirDegrees	109	NA	NA	NA	NA	NA	NA	NA	NA	NA	NA	NA	NA	NA	NA	NA	NA	NA	NA	NA	NA	NA	NA	NA	NA	NA	NA	NA	NA	NA	NA
